0000000000011010
1111111111110111
1111111110011101
1111111110001010
1111111110111001
1111111111101011
1111111111011100
1111111111001110
0000000000011101
0000000000011000
0000000001001010
0000000001110101
0000000000110001
1111111110111010
0000000001101111
1111111111011111
0000000001101100
1111111110010111
0000000001111111
1111111110100000
0000000000000101
1111111110000001
0000000000100000
1111111110000100
1111111111110001
1111111110111101
0000000001000100
1111111110111101
1111111111100011
1111111110101110
0000000001110100
0000000000010101
1111111110001101
0000000000100110
1111111111011011
1111111110111001
1111111110001110
1111111110100100
1111111110101110
1111111111000100
0000000000001100
0000000001101101
1111111110101110
0000000000000101
1111111110011110
0000000000110010
1111111110000100
0000000001000011
0000000000101110
0000000001010110
1111111110000101
1111111111011111
1111111111001000
0000000001110001
1111111111110011
0000000000111011
0000000001000111
1111111111010000
0000000000100111
0000000000100000
0000000001001011
1111111110111101
1111111111110011
0000000000101001
0000000001000101
0000000000010100
1111111110010000
1111111110101111
1111111111000011
1111111110000011
0000000000110100
1111111110100011
0000000001101000
1111111110001101
1111111111110011
0000000000110110
0000000000000010
0000000000101011
1111111110111101
1111111110101101
0000000001000000
1111111111100110
1111111110010111
0000000001001111
0000000000001101
1111111110011011
0000000000100100
1111111110110111
1111111111000111
1111111110111000
1111111110100000
0000000001011001
0000000001011100
0000000001111110
0000000001100011
0000000001000011
