00000000
00000011
00000111
00001011
00001111
00010011
00010111
00011011
00011111
00100011
00100110
00101010
00101101
00110001
00110100
00110111
00111011
00111110
01000001
01000100
01000110
01001001
01001100
01001110
01010001
01010011
01010101
01011000
01011010
01011100
01011101
01011111
01100001
01100011
01100100
01100110
01100111
01101000
01101010
01101011
01101100
01101101
01101110
01101111
01110000
01110001
01110010
01110011
01110011
01110100
01110101
01110101
01110110
01110111
01110111
01111000
01111000
01111000
01111001
01111001
01111010
01111010
01111010
01111011
01111011
01111011
01111011
01111100
01111100
01111100
01111100
01111101
01111101
01111101
01111101
01111101
01111101
01111101
01111110
01111110
01111110
01111110
01111110
01111110
01111110
01111110
01111110
01111110
01111110
01111111
01111111
01111111
01111111
01111111
01111111
01111111
01111111
01111111
01111111
01111111
01111111
01111111
01111111
01111111
01111111
01111111
01111111
01111111
01111111
01111111
01111111
01111111
01111111
01111111
01111111
01111111
01111111
01111111
01111111
01111111
01111111
01111111
01111111
01111111
01111111
01111111
01111111
01111111
10000000
10000000
10000000
10000000
10000000
10000000
10000000
10000000
10000000
10000000
10000000
10000000
10000000
10000000
10000000
10000000
10000000
10000000
10000000
10000000
10000000
10000000
10000000
10000000
10000000
10000000
10000000
10000000
10000000
10000001
10000001
10000001
10000001
10000001
10000001
10000001
10000001
10000001
10000001
10000001
10000001
10000001
10000001
10000001
10000001
10000001
10000010
10000010
10000010
10000010
10000010
10000010
10000010
10000010
10000010
10000011
10000011
10000011
10000011
10000011
10000100
10000100
10000100
10000100
10000101
10000101
10000101
10000110
10000110
10000110
10000111
10000111
10001000
10001000
10001000
10001001
10001010
10001010
10001011
10001011
10001100
10001101
10001110
10001111
10001111
10010000
10010001
10010010
10010011
10010101
10010110
10010111
10011000
10011010
10011011
10011101
10011111
10100000
10100010
10100100
10100110
10101000
10101010
10101100
10101111
10110001
10110100
10110110
10111001
10111100
10111111
11000010
11000101
11001000
11001011
11001111
11010010
11010110
11011001
11011101
11100001
11100100
11101000
11101100
11110000
11110100
11111000
11111100
