0000000001110001
0000000000011010
0000000000111111
0000000010001111
0000000001111000
1111111111000001
0000000000111101
1111111111110110
1111111111111001
0000000000011010
0000000000001001
0000000001011101
0000000000110001
0000000000001000
0000000000011100
0000000000010101
0000000001100000
1111111111110011
0000000000010100
1111111111001001
1111111101011101
0000000000101010
0000000000110111
1111111111010001
0000000010010001
1111111110100011
0000000000000011
1111111111110100
0000000001100010
0000000001011110
0000000000001010
0000000000011000