0.12441309264423094
-0.15570547665088552
-0.6311999033467453
0.2421052863338014
0.23456390530036517
-0.3756270138359688
-0.16741540448800493
0.04842401114461592
-0.46125270144136665
-0.3145819842147615
0.21736258314247148
0.2478997806471237
-0.5594828482915112
-0.5591053635120635
0.07311150067927796
-0.2121810361718508
-0.40271048778519425
0.012938731024865808
-0.10761389936355446
-0.7237165154245461
-0.0030517483386321496
-0.7998315443046454
0.21241417331092222
0.06472870776523364
0.5964522043653518
-0.10767422729051448
0.4409823957031834
0.04939823733804728
-0.5826351395245604
0.5128051001528914
-0.5095137113969984
0.058344306517586805
-0.43094739673974913
0.3373278723573717
0.2340447455653409
0.6502292629300042
0.25047581295985166
-0.038555097699255934
-0.11912165096086835
0.10966460144892672
0.19351262161421956
0.1056226357783467
-0.010253546891015087
0.5609486395194242
0.5382038310732314
-0.2934783088062344
0.5158575522247573
0.32804614807849325
0.33011431308979844
-0.2808219964748448
0.7792495474908456
-0.275585071673975
0.13107740963981326
0.36921354367971976
-0.7718804355910147
-0.5697933509844354
-0.38663448602355527
-0.2749081386254059
0.26750067273901573
-0.22386578232006238
0.42286181147612184
0.39835480426129133
0.3892787683507496
-0.5003738141622409
0.6705977773455519
-0.22247389507230628
0.5114993571862846
0.39423885524340957
0.5275844533350202
-0.21869965783673523
0.3924331288374696
-0.3501376122321934
-0.008910896947391589
-0.3771462796081986
-0.5098751428251251
0.31045143947233217
0.33033183084294004
-0.45706215491294533
0.36889721136231574
-0.35393405335233596
0.017454281869731608
0.45134585891790585
-0.20464954721921844
0.6107288822031924
0.2396330450838942
-0.5911176947214203
0.5230769836762527
0.32973357265903974
-0.4866155611551176
-0.24434483716410252
-0.6579122342128197
0.1485507962795023
-0.5310552550977933
0.08675644667312353
-0.5432569186575718
-0.20464954721921844
0.5521437198962637
0.014037163858348424
-0.3142519761766121
0.30863026795199494