0.5465109215840517
-0.2778600738608944
-0.5706373001344789
-0.7434020042290317
-0.8097753954028756
-0.3248504166662288
-0.9725679788629001
-0.03826261130096177
-0.7095450510695397
-0.058183599226247495
-0.8374062319294289
-0.34485279386351914
-0.5500126178041788
-0.9545653867319263
-0.8625112300383886
0.07076108217165487
0.4695647520523484
0.45533480126516046
0.24743935644111728
0.6295597777842595
0.33612216661333016
-0.6481400482631862
-0.48644328126367925
0.7799965671962742
0.3973733882819715
-0.53923338157813
0.7195767059690682
0.8207625950923526
-0.8882032643733481
-0.8141711471350193
0.776197504195118
-0.018721084287532268
-0.1117148160527836
-0.5789390593290311
-0.9633837186955411
-0.8913999197288384
-0.5184054594591663
-0.6643971078785375
-0.5199222081986882
0.1060819146421336
-0.9632280503114424
0.14389660665239812
-0.2194660638869807
0.7463704871125801
0.5581474011015883
0.9615478533688122
-0.19430420826917297
0.48690493602667567
0.8365265352726753
-0.8881942748997453
-0.9247110305933349
-0.6735902444915058
0.5084662198222972
0.14937684972344983
-0.35859152148998164
0.49727993462111364
-0.9554705696145332
0.5436328632192581
-0.9023104113819226
-0.816468050565458
0.12417699863313242
-0.7990736888967059
-0.5152929634559296
0.5550281631769836
0.9145691709855469
-0.9169189976018615
-0.6608458231984318
0.2359081506638704
0.6509488557712574
0.856375547625662
-0.7394262761226875
-0.22289375592162555
0.18954533764516557
0.5050347439351733
0.3315025624890311
-0.9895641813821527
0.06838400772193569
0.9724931102921195
0.4218328842208835
0.9270527048818522
0.38818264335461744
-0.7855611188454361
-0.9355676566813084
-0.5444793438900477
-0.8750346032608016
0.45440979262853803
0.8308660057885006
-0.8042612740406139
-0.7451401602246819
0.9002021713262879
0.6573737259048853
0.3921384301448565
0.9728411727384868
0.8976795272642137
-0.3470084978997
-0.15081207015404968
0.21691800858518817
-0.8886950097760402
0.8417829836906491
0.6392589408986785
0.6316379866635482
-0.3677304568907147
0.6443799051358957
0.37408452262885894
-0.46074323130325956
0.351843010161051
0.7474707300855921
-0.6311603244743719
0.29507749838159425
-0.1965326522267606
-0.6902234809647031
-0.8954337619651185
0.0887668380068766
0.2912257593362799
0.7977085889879764
-0.7375559178570793
-0.3233199652869514
-0.3677194991054313
0.8482903574400567
0.7004668154637909
0.875388007181214
-0.721423514271718
0.7168885967353074
-0.7071904587976324
-0.19915098462212552
0.853121289864078
0.8197025340712359
0.24695078820036076