-0.44998396786176176
-0.06278352253609111
-0.9406698517829973
-0.665528662767014
0.3622345645375943
-0.5073413466330832
-0.5723434313497033
0.36255268130341467
0.2901280294108547
-0.747912526195074
0.4595693065072312
-0.38372362113591774
-0.5964522043653518
-0.12807689401414957
-0.2639837328138638
-0.13137733010165878
-0.41738325478318633
0.45430556295434765
0.7074903360780134
0.2899603278047907
0.48605637370264887
0.2602321665510881
-0.2399206754088191
-0.3100653202071861
-0.04416071254412076
-0.5425682020108702
0.0811201855519539
-0.3567604416584251
-0.9353495301162831
0.30592192773337346
-0.5724665427743362
0.04062703949418071
0.5752501462097634
0.06576188832738636
-0.3508336008244961
-0.8009064360371794
-0.6969099335849357
-0.43437046203906654
-0.9436048750013554
-0.19122033702770588
-0.27507739747080745
-0.5857309667591288
0.29146900014120225
0.46403502808809616
-0.04464803101668934
-0.6181372674392972
0.4314442657068921
0.4054171992193195
0.07638897994319742
0.7270710476479404
-0.5541769601876779
-0.3490125060682794
0.06199315392336093
-0.25812556522979085
0.7547172461512472
-0.49014782156550335
0.26159728857882125
0.7386258563232443
-0.8801846913074707
0.9051261922914947
0.7786254838334603
0.6255860641126473
0.7640185765468253
0.8955624544414041
0.2183509346863225
0.8532727261308484
-0.18025958288987032
-0.43610202408285526
-0.8026937518908633
-0.6801573241913021
0.48091195241281604
0.48222460908220693
-0.8933906347074607
-0.3922782111693616
0.43773168757284764
-0.9105548542306614
-0.2511621580184851
0.5269234396783407
-0.028434715623509865
0.44338834578743824
-0.9067022071338453
0.02477520247536061
0.25327679668239933
-0.32722889932608396
-0.41475886766737213
-0.7443955442002835
0.8875532207343083
0.582110790062946
-0.22826738066714078
-0.9014414546183206
0.27733254944546065
0.09813286584570964
-0.4578343629091619
0.11827919844297827
0.6060773568186332
-0.4172320363398069
-0.8481809170601272
0.5231213176165713
-0.3055346162439721
0.40368163177673233